23689 9782 28508 12822 7513 22384 13047 19113 28082 19304 3652 24682 19891 32471 21472 
1 888 12664 20081 3908 8067 1 2095 15330 8288 5459 11172 13282 31112 3487 
25007 13873 391 21543 20687 1513 2906 23293 8606 27847 12059 14823 11420 16863 1504 
2738 13614 18574 23776 24521 21991 31665 9175 2310 517 6420 6828 6855 16447 1 
593 1 702 16139 21740 31265 16489 19593 18740 30272 13157 1 9501 21977 24796 
1755 9143 13516 19966 21187 29267 27958 1606 6814 2281 7746 22271 13853 25014 5442 
25606 22068 21545 19710 31185 7957 5888 30539 16560 7774 11695 17632 13651 29073 17665 
24422 2701 12486 17153 18894 22615 29084 1 6887 15384 30325 20351 17968 20004 24035 
13510 26347 4226 26205 29912 16754 15090 6711 7181 28366 2094 30673 25490 26246 26737 
27150 6159 23221 15670 9479 21382 6751 578 15105 3711 28165 2020 32157 19554 8823 
8828 32591 26404 13802 29498 1 15909 23370 11816 6233 19545 1 363 14664 27047 
32473 454 20772 15246 4079 16479 11528 6414 31528 28102 26842 26054 12216 11827 638 
10330 22720 783 11593 1 27752 28086 31161 24026 12590 12156 9571 9261 11646 19182 
10028 4788 13698 10842 19388 24776 2875 3985 30256 11105 17617 12523 22799 6713 27943 
10124 15232 24622 4787 4838 7866 6888 14477 5503 22459 21949 24005 3828 28989 1 
